1 8
1 38
1 62
1 69
1 71
1 86
1 97
2 10
2 85
3 11
3 38
3 71
4 3
4 10
4 21
4 28
4 40
4 71
4 78
4 87
5 44
5 51
5 69
5 85
5 87
5 93
6 3
6 28
6 52
6 86
6 95
7 4
7 10
7 12
7 21
7 40
7 51
7 52
7 63
7 69
7 85
7 86
8 7
8 9
8 43
9 0
9 50
9 52
9 62
9 63
9 78
9 80
9 83
10 8
10 17
10 35
10 40
10 49
11 8
11 24
11 40
11 67
11 78
11 88
12 9
12 10
12 36
12 43
12 47
12 67
12 90
12 91
13 8
13 9
13 38
14 6
14 39
14 40
14 67
14 75
14 89
15 5
15 6
15 29
15 48
15 63
15 68
15 71
16 22
16 28
16 36
16 47
16 62
16 69
16 87
16 89
17 7
17 21
17 25
17 36
17 49
17 71
17 73
17 85
18 10
18 17
18 85
18 87
19 36
19 43
19 66
20 8
20 62
20 85
21 8
21 9
21 36
21 40
21 62
21 63
21 70
21 89
22 7
22 44
22 48
22 78
23 5
23 8
23 10
23 18
23 67
23 85
23 87
24 6
24 7
24 9
24 35
24 36
24 43
24 60
24 85
25 5
25 17
25 25
25 28
25 29
25 38
25 50
25 63
25 68
25 83
26 18
26 87
27 9
27 12
27 47
27 63
27 67
27 90
28 22
28 47
28 69
28 89
29 9
29 28
29 36
29 62
29 70
30 5
30 8
30 17
30 18
30 67
30 85
31 3
31 14
31 17
31 28
31 39
31 49
31 74
31 79
31 85
32 11
32 36
32 43
32 73
32 80
33 66
33 70
34 11
34 35
34 36
34 43
34 62
34 63
34 80
35 5
35 6
35 17
35 18
35 26
35 28
35 68
35 69
35 85
35 93
36 20
36 24
36 38
36 69
36 76
36 97
37 10
37 11
37 26
37 28
37 36
37 38
37 71
37 78
38 14
38 16
38 18
38 28
38 59
38 87
39 11
39 38
39 68
40 3
40 9
40 28
40 71
40 78
40 87
41 48
41 51
41 74
41 81
41 85
41 86
41 93
41 97
42 8
42 11
42 35
42 39
43 23
43 28
43 38
43 75
43 83
43 85
43 90
44 9
44 20
44 29
44 36
44 62
44 68
44 69
44 70
44 88
45 9
45 28
45 63
45 81
45 87
45 89
46 7
46 9
46 43
47 7
47 13
47 38
47 63
47 74
47 77
47 89
47 96
47 99
48 11
48 17
48 28
48 62
48 71
48 78
49 3
49 17
49 31
49 36
49 38
49 63
49 66
50 74
50 80
50 84
50 93
51 3
51 4
51 6
51 9
51 28
51 51
51 60
51 69
51 71
51 78
51 85
51 87
52 11
52 47
52 68
52 73
52 78
53 6
53 9
53 60
54 41
54 50
54 63
54 89
55 7
55 25
55 71
55 74
55 78
56 11
56 50
56 51
56 68
56 97
57 39
57 93
58 0
58 8
58 43
58 80
58 83
58 85
59 8
59 11
59 22
60 11
60 34
60 38
60 68
60 69
60 71
60 97
61 12
61 21
61 89
62 20
62 39
62 48
62 50
62 87
63 3
63 9
63 29
63 47
63 67
63 90
64 12
64 28
64 63
64 73
65 8
65 17
65 40
65 49
65 69
66 11
66 26
66 29
66 35
66 74
66 85
66 93
67 3
67 62
67 71
67 86
68 7
68 38
68 63
68 69
68 77
68 81
68 89
68 96
68 99
69 10
69 21
69 40
70 72
70 74
71 4
71 11
71 34
71 51
71 85
71 93
72 5
72 17
72 38
72 63
73 8
73 9
73 28
73 47
73 69
73 72
74 23
74 29
74 38
74 68
74 80
75 36
75 43
75 46
75 91
76 8
76 9
76 12
76 38
76 47
76 63
76 67
76 90
77 9
77 11
77 29
77 34
77 41
77 51
77 89
78 7
78 39
78 44
78 48
78 72
78 74
78 78
79 7
79 38
79 39
79 63
79 77
79 89
79 93
79 96
79 99
80 75
80 85
81 20
81 24
81 34
81 38
81 69
81 76
81 97
82 28
82 62
82 78
83 47
83 50
83 52
83 78
83 80
84 11
84 17
84 36
84 73
84 85
85 3
85 7
85 52
85 63
85 67
85 81
85 89
86 3
86 43
86 46
86 61
86 72
87 3
87 36
87 62
87 71
88 5
88 8
88 11
88 17
88 38
88 39
88 63
88 74
88 93
89 10
89 17
89 34
89 36
89 43
89 66
89 69
89 80
89 91
90 18
90 39
90 48
90 53
90 62
91 5
91 17
91 38
91 63
92 3
92 9
92 28
92 71
92 78
92 87
93 9
93 10
93 28
93 29
93 73
93 78
94 8
94 9
94 36
94 62
94 67
94 70
94 78
95 3
95 29
95 51
95 80
95 85
95 97
96 7
96 9
96 41
96 43
96 50
96 63
96 89
97 17
97 28
97 63
98 6
98 8
98 28
98 39
98 40
98 60
98 62
98 67
98 73
98 75
98 89
99 8
99 28
99 38
99 51
99 74
99 93
100 9
100 11
100 38
100 39
100 47
100 67
100 68
100 71
100 76
100 78
100 90
100 93
101 3
101 11
101 14
101 39
101 68
102 9
102 28
102 36
102 38
102 62
102 70
103 9
103 13
103 29
103 39
103 59
103 66
103 70
103 73
104 47
104 67
104 73
104 78
105 3
105 14
105 39
105 49
105 51
105 60
105 79
105 95
106 5
106 67
106 83
106 87
107 34
107 35
107 48
107 63
107 66
107 69
107 80
108 8
108 11
108 22
108 36
108 62
108 68
109 17
109 28
109 34
109 35
109 63
109 71
110 23
110 28
110 34
110 35
110 69
110 80
110 90
111 13
111 28
111 35
111 39
111 48
111 71
111 87
111 96
112 3
112 9
112 28
112 67
112 71
112 78
112 87
113 4
113 5
113 8
113 17
113 23
113 36
113 55
113 59
113 67
113 79
113 83
114 11
114 38
114 71
115 5
115 8
115 29
115 39
115 59
115 78
116 9
116 29
116 46
116 69
116 73
117 5
117 29
118 17
118 28
118 36
118 39
118 60
118 72
118 74
118 81
118 85
119 38
119 51
119 83
120 11
120 34
120 38
120 47
120 48
120 50
120 52
120 63
120 71
120 82
120 93
121 20
121 29
121 51
121 68
121 69
121 88
122 11
122 15
122 39
122 72
122 74
122 78
123 6
123 8
123 25
123 63
123 68
123 81
123 87
124 52
124 62
124 69
124 72
124 85
124 87
125 6
125 8
125 10
125 39
125 40
125 67
125 79
125 89
126 39
126 72
126 74
127 6
127 8
127 11
127 22
127 38
127 72
127 74
128 17
128 22
128 47
128 89
129 3
129 11
129 14
129 26
129 35
129 39
129 49
129 68
129 78
129 79
129 85
130 7
130 22
130 44
130 47
130 69
130 78
130 80
130 85
130 86
130 89
131 8
131 9
131 10
131 25
131 36
131 43
131 47
131 69
131 80
131 87
131 89
131 91
132 3
132 10
132 28
132 43
132 78
132 80
133 7
133 28
133 38
133 47
133 63
133 77
133 87
133 89
133 96
133 99
134 28
134 38
134 51
134 69
134 97
135 11
135 36
135 50
135 69
135 89
136 4
136 12
136 28
136 51
136 85
136 93
136 97
137 3
137 21
137 63
137 77
137 95
138 7
138 38
138 63
138 77
138 93
138 96
138 99
139 7
139 38
139 51
139 63
139 77
139 89
139 96
139 98
139 99
140 4
140 8
140 36
140 79
140 83
141 14
141 17
141 22
141 28
141 51
141 86
141 93
141 97
142 11
142 12
142 18
142 28
142 38
142 39
142 48
142 53
142 62
142 71
142 93
142 97
143 38
143 63
143 66
143 70
143 78
144 7
144 11
144 29
144 38
144 50
144 63
144 68
144 77
144 89
144 96
144 99
145 3
145 6
145 28
145 31
145 36
145 38
145 60
145 63
145 67
146 28
146 35
146 50
146 57
146 60
146 61
146 67
146 71
147 10
147 21
147 40
148 23
148 38
148 68
148 80
149 3
149 5
149 17
149 28
149 31
149 36
149 38
149 62
149 63
150 3
150 14
150 39
150 49
150 50
150 68
150 79
151 23
151 24
151 33
151 38
151 69
152 3
152 9
152 17
152 29
152 67
152 83
153 8
153 11
153 38
153 39
153 51
153 52
153 62
153 71
153 74
153 93
153 97
154 9
154 48
154 63
154 81
154 87
154 89
155 8
155 9
155 29
155 38
155 46
155 63
155 69
155 83
155 85
155 97
156 23
156 28
156 29
156 50
156 52
156 63
156 71
156 80
157 20
157 38
157 63
157 74
157 87
157 96
158 5
158 17
158 34
158 67
158 83
158 85
158 87
159 7
159 17
159 38
159 51
159 62
159 63
159 72
159 77
159 89
159 96
159 97
159 99
160 7
160 25
160 34
160 35
160 36
160 71
160 86
161 35
162 5
162 8
162 17
162 38
162 47
162 63
162 71
162 74
162 83
163 21
163 50
163 57
163 63
163 67
163 76
163 77
164 8
164 11
164 22
165 4
165 5
165 8
165 11
165 17
165 36
165 38
165 63
165 79
165 83
166 3
166 9
166 28
166 38
166 43
166 71
166 78
166 87
167 12
167 44
167 51
167 69
167 89
167 93
167 97
168 50
168 52
168 74
168 80
169 21
169 25
169 39
169 49
169 85
169 93
170 8
170 43
170 48
171 9
171 17
171 67
171 83
172 7
172 8
172 9
172 38
172 43
173 6
173 11
173 39
173 40
173 67
173 71
173 89
174 3
174 62
174 71
174 86
175 15
175 38
175 63
175 69
175 78
175 82
176 6
176 20
176 29
176 68
176 69
176 88
177 8
177 9
177 28
177 47
177 72
178 18
178 28
178 39
178 48
178 53
178 62
179 28
179 35
179 50
179 68
179 71
180 12
180 28
180 34
180 35
180 69
180 80
181 8
181 24
181 39
181 59
181 62
181 74
181 93
182 28
182 35
182 38
182 67
182 71
182 76
182 86
183 8
183 38
183 47
183 71
183 74
184 11
184 38
184 39
184 71
184 74
184 93
185 51
185 69
185 98
186 9
186 63
186 81
186 87
186 89
187 5
187 13
187 29
187 34
188 3
188 7
188 18
188 38
188 62
188 63
188 71
188 77
188 89
188 96
188 99
189 3
189 9
189 28
189 29
189 71
189 78
189 87
190 10
190 11
190 18
190 28
190 36
190 39
190 48
190 53
190 62
190 73
190 78
191 38
191 63
191 68
191 79
191 80
192 6
192 17
192 28
192 35
192 36
192 39
192 40
192 52
192 63
192 67
192 75
192 86
192 89
193 8
193 22
193 38
193 51
193 68
194 10
194 21
194 40
194 43
195 20
195 29
195 38
195 68
195 69
195 88
195 97
196 38
196 43
196 60
196 67
196 81
196 86
197 3
197 12
197 28
197 46
197 71
197 78
197 89
198 48
198 50
198 87
199 10
199 11
199 28
199 38
199 78
200 3
200 9
200 28
200 71
200 78
200 87
201 10
201 39
201 59
201 63
201 66
201 78
201 85
201 86
201 93
202 28
203 3
203 31
203 36
203 38
203 63
203 85
203 87
204 8
204 52
204 86
204 92
205 3
205 26
205 28
205 36
205 69
205 85
206 3
206 28
206 62
206 71
206 86
207 43
207 44
207 51
207 69
207 80
207 93
208 8
208 17
208 23
208 36
208 38
208 55
208 59
208 83
208 86
208 92
209 7
209 9
210 7
210 25
210 71
211 5
211 25
211 38
211 43
211 53
211 63
211 93
212 7
212 9
212 13
212 43
212 90
213 3
213 43
213 46
213 51
213 80
213 95
213 97
214 24
214 40
214 62
214 67
214 85
214 88
215 17
215 19
215 28
215 36
215 67
215 68
215 73
215 85
216 8
216 52
216 62
216 72
216 85
216 87
217 8
217 40
217 47
217 49
217 50
217 52
217 69
217 71
217 74
217 80
217 83
218 4
218 8
218 36
218 79
218 83
219 11
219 15
219 39
219 46
219 59
219 66
219 69
219 78
220 7
220 11
220 25
220 35
220 43
220 62
220 63
220 71
220 80
221 8
221 28
221 38
221 51
221 96
222 3
222 8
222 11
222 38
222 43
222 46
222 61
222 71
222 72
222 95
223 28
223 35
223 68
223 71
224 10
224 17
224 23
224 36
225 0
225 4
225 7
225 44
225 48
225 72
225 78
226 6
226 22
226 35
226 47
226 49
226 69
226 89
227 11
227 26
227 29
227 35
227 81
227 85
228 39
228 50
228 57
228 61
228 67
228 76
229 50
229 57
229 61
229 67
229 76
230 9
230 17
230 23
230 67
230 90
231 14
231 39
231 49
231 79
231 93
232 4
232 8
232 36
232 79
232 83
233 28
233 36
233 62
233 87
234 20
234 38
234 63
234 74
235 20
235 28
235 29
235 68
235 69
235 88
236 8
236 62
236 85
236 87
237 8
237 11
237 22
238 3
238 8
238 10
238 36
238 52
238 86
238 87
238 92
239 3
239 9
239 28
239 71
239 78
239 87
240 5
240 6
240 17
240 38
240 39
240 48
240 72
240 74
241 3
241 31
241 36
241 38
241 63
242 47
242 68
242 71
242 74
242 75
242 83
242 85
243 9
243 11
243 21
243 29
243 36
243 39
243 73
243 74
244 3
244 14
244 22
244 34
244 35
244 39
244 49
244 50
244 69
244 79
244 80
245 5
245 34
245 60
245 67
245 83
245 87
246 3
246 11
246 13
246 38
246 50
246 57
246 61
246 62
246 63
246 67
246 71
246 74
246 76
246 82
247 14
247 16
247 18
247 59
248 6
248 9
248 17
248 67
248 68
248 83
249 63
249 67
249 68
249 89
250 36
250 40
250 49
250 52
250 69
250 86
251 3
251 29
252 17
252 26
252 28
252 34
252 43
252 50
252 60
252 68
252 81
252 85
252 86
253 9
253 21
253 42
253 47
253 60
253 62
253 71
253 81
254 9
254 43
255 47
255 71
255 74
255 83
256 36
256 43
257 5
257 67
257 83
257 87
258 20
258 29
258 68
258 69
259 8
259 17
259 40
259 69
260 11
260 52
260 69
260 78
260 81
261 22
261 36
261 47
261 52
261 69
261 86
261 89
262 6
262 39
262 40
262 67
262 75
262 89
263 20
263 24
263 38
263 69
263 76
263 97
264 7
264 25
264 43
264 71
264 80
265 9
265 28
265 38
265 39
265 44
265 50
265 57
265 61
265 62
265 66
265 67
265 76
265 78
266 4
266 51
266 74
266 85
266 93
267 7
267 9
267 17
267 28
267 38
267 43
267 63
267 85
268 3
268 8
268 39
268 52
268 74
268 86
268 92
268 93
268 95
269 28
269 38
269 63
269 78
269 83
270 5
270 43
270 52
270 53
270 62
270 72
270 87
270 93
271 6
271 8
271 11
271 38
271 39
271 40
271 68
271 89
272 8
272 38
272 52
272 86
272 87
272 96
273 38
273 74
274 24
274 38
274 67
274 69
274 76
274 86
274 97
275 8
275 10
275 11
275 38
275 48
275 63
275 71
275 79
275 87
275 93
276 9
276 17
276 28
276 39
276 47
276 63
276 67
276 90
277 13
277 22
277 47
277 52
277 69
277 86
277 89
277 90
278 10
278 36
278 43
278 67
278 68
279 9
279 13
279 24
279 28
279 29
279 35
279 63
279 69
279 80
280 3
280 43
280 46
280 51
280 61
280 72
281 3
281 8
281 9
281 17
281 22
281 38
281 67
282 9
282 67
282 90
283 4
283 8
283 36
283 79
284 20
284 29
284 48
284 63
284 68
284 69
284 88
285 3
285 22
285 46
285 47
285 51
285 60
285 69
285 89
285 95
286 8
286 9
286 28
286 47
286 50
286 68
286 72
287 13
288 8
288 9
288 28
288 35
288 36
288 47
288 52
288 72
288 86
289 9
289 17
289 63
289 67
289 81
289 83
289 87
289 89
290 39
290 59
290 67
290 68
290 78
290 81
291 74
291 75
291 78
291 85
292 9
292 17
292 52
292 67
292 69
292 83
292 86
292 97
293 6
293 28
293 50
293 57
293 60
293 61
293 76
294 11
294 43
294 44
294 78
294 85
295 20
295 29
295 68
295 69
295 88
296 8
296 35
296 36
296 67
296 68
296 78
296 86
297 8
297 52
297 62
297 67
297 72
297 87
298 3
298 9
298 14
298 17
298 28
298 39
298 49
298 79
298 83
298 93
299 17
299 21
299 51
299 60
299 85
299 95
300 3
300 22
300 31
300 36
300 38
300 47
300 62
300 63
300 69
300 71
300 89
301 43
301 66
301 80
301 85
302 5
302 12
302 13
302 22
302 47
302 63
302 67
302 69
302 82
302 89
303 8
303 10
303 39
303 51
303 60
303 79
303 95
304 28
304 38
304 74
304 93
305 9
305 28
305 71
305 78
305 87
306 5
306 8
306 38
306 43
306 53
306 93
307 3
307 9
307 28
307 39
307 71
307 78
307 87
308 9
308 17
308 23
308 36
308 47
308 55
308 59
308 67
308 83
308 90
309 3
309 8
309 31
309 38
309 43
309 48
309 63
310 5
310 17
310 36
310 38
310 62
310 63
310 87
311 9
311 34
311 63
311 81
311 87
311 89
312 10
312 17
312 23
312 38
312 68
312 80
313 3
313 25
313 38
313 62
313 63
313 71
313 83
313 86
314 6
314 17
314 50
314 51
314 57
314 61
314 67
314 68
314 76
315 8
315 9
315 25
315 28
315 38
315 47
315 63
315 72
315 83
316 36
316 62
317 47
317 71
317 74
317 83
318 12
318 28
318 35
318 63
318 71
319 5
319 11
319 13
319 17
319 38
319 63
319 71
320 3
320 6
320 14
320 39
320 49
320 68
321 10
321 17
321 21
321 48
321 63
322 7
322 38
322 63
322 77
322 89
322 96
322 99
323 23
323 24
323 28
323 33
323 38
323 63
323 69
324 50
324 68
325 3
325 26
325 36
325 39
325 49
325 63
325 74
325 79
326 11
326 23
326 28
326 68
326 90
327 18
327 29
327 39
327 48
327 62
327 67
328 12
328 20
328 63
328 74
329 12
329 28
329 93
329 97
330 6
330 21
330 25
330 49
330 68
330 85
331 8
331 22
331 47
331 48
331 69
331 81
331 89
332 34
332 35
332 69
332 80
333 3
333 9
333 11
333 14
333 28
333 36
333 39
333 71
333 73
333 78
333 79
333 87
334 10
334 28
334 78
335 8
335 28
335 36
335 60
335 62
335 73
336 20
336 24
336 38
336 69
336 76
336 97
337 28
337 50
337 51
337 87
338 28
338 62
339 25
339 38
339 48
339 50
339 63
339 71
339 74
339 83
339 87
340 36
340 38
340 47
340 63
340 66
341 34
341 35
341 69
341 80
342 9
342 29
342 41
342 50
342 63
342 73
342 89
343 3
343 5
343 29
344 4
344 8
344 36
344 79
344 83
345 44
345 48
345 51
345 63
345 69
345 93
346 36
346 62
347 9
347 63
347 81
347 89
348 7
348 20
348 24
348 25
348 28
348 38
348 63
348 69
348 76
348 97
349 10
349 21
349 23
349 29
349 40
350 4
350 8
350 20
350 36
350 38
350 79
350 83
351 23
351 24
351 33
351 38
351 51
351 67
351 68
351 69
351 78
351 83
351 85
351 94
352 8
352 11
352 36
352 62
352 73
352 85
353 6
353 60
353 66
354 8
354 10
354 25
354 44
354 48
354 78
354 87
355 47
355 73
355 78
356 8
356 17
356 24
356 39
356 49
356 69
357 11
357 68
358 9
358 63
358 81
358 87
358 89
359 8
359 11
359 38
359 43
359 48
359 71
360 3
360 14
360 34
360 69
360 74
360 93
360 97
361 10
361 28
361 66
361 78
362 17
362 28
362 63
362 81
362 85
363 8
363 10
363 24
363 38
363 69
363 70
363 78
363 79
363 85
364 35
364 43
364 87
364 98
365 9
365 17
365 22
365 47
365 52
365 67
365 69
365 80
365 83
365 90
366 10
366 23
366 29
366 85
367 8
367 10
367 14
367 25
367 28
367 35
367 67
367 85
367 87
367 90
367 93
368 7
368 9
368 12
368 28
368 43
368 51
368 83
368 85
368 93
368 94
368 97
369 8
369 28
369 41
369 50
369 60
369 62
369 63
369 73
369 89
370 18
370 28
370 47
370 74
371 48
371 61
371 63
371 81
372 5
372 43
372 48
372 50
372 53
372 87
372 93
373 8
373 28
373 39
373 60
373 62
373 63
373 73
374 11
374 29
374 38
374 63
374 71
375 18
376 6
376 39
376 40
376 67
376 75
376 89
377 6
377 7
377 11
377 25
377 38
377 68
377 71
378 9
378 11
378 17
378 34
378 39
378 83
378 93
379 8
379 11
379 35
379 36
379 39
379 51
379 73
379 83
380 7
380 9
380 11
380 38
380 43
380 51
380 71
380 97
381 3
381 14
381 28
381 36
381 39
381 49
381 50
381 68
381 79
382 43
382 47
382 74
382 89
383 50
383 57
383 61
383 67
384 8
384 62
384 85
385 8
385 9
385 11
385 22
385 23
385 24
385 33
385 38
385 69
385 85
386 8
386 28
386 38
386 62
386 69
386 85
387 3
387 9
387 28
387 71
387 78
387 87
388 7
388 9
388 20
388 21
388 43
388 68
388 69
389 26
389 32
389 63
389 71
389 81
390 18
390 39
390 48
390 53
390 62
391 28
391 48
391 51
391 86
391 87
391 90
392 8
392 9
392 28
392 47
392 50
392 57
392 61
392 67
392 68
392 72
392 76
393 3
393 7
393 24
393 38
393 69
393 70
393 74
393 85
394 22
394 28
394 47
394 69
394 89
394 90
395 12
395 51
395 63
395 97
396 8
396 10
396 22
396 35
396 38
396 39
396 85
397 23
397 35
397 36
397 38
397 50
397 68
397 80
397 85
398 50
398 52
398 80
398 81
399 46
399 69
400 8
400 10
400 48
400 50
400 79
400 80
400 87
401 71
402 3
402 14
402 39
402 47
402 49
402 74
402 79
403 8
403 28
403 35
403 38
403 71
404 7
404 8
404 9
404 11
404 28
404 35
404 38
404 44
404 48
404 67
404 71
404 72
404 89
405 23
405 36
405 55
405 59
405 83
406 0
406 8
406 11
406 27
406 35
406 39
406 67
406 87
407 69
408 7
408 38
408 44
408 48
408 63
408 77
408 78
408 89
408 96
408 99
409 8
409 10
409 28
409 60
409 62
409 73
409 85
409 87
410 5
410 28
410 29
410 47
410 69
410 81
411 10
411 11
411 15
411 21
411 38
411 39
411 40
411 71
411 78
412 11
412 51
412 68
412 85
413 10
413 17
413 23
413 39
413 50
413 51
414 47
414 69
414 71
414 74
414 83
414 97
415 21
415 34
415 52
415 63
415 86
416 3
416 5
416 8
416 36
416 48
417 7
417 9
417 38
417 43
417 63
417 77
417 89
417 96
417 99
418 3
418 14
418 34
418 49
418 79
419 67
419 74
420 4
420 12
420 36
420 63
420 79
420 83
421 3
421 31
421 36
421 38
421 43
421 63
421 66
421 80
421 87
422 43
422 80
423 9
423 28
423 35
423 47
423 67
423 71
423 90
424 7
424 23
424 28
424 43
424 52
424 87
424 90
425 11
425 17
425 28
425 36
425 73
425 85
426 17
426 41
426 50
426 63
426 66
426 68
426 89
427 11
428 11
428 26
428 35
428 43
428 80
429 23
429 28
429 38
429 47
429 90
430 5
430 26
430 28
430 36
430 43
430 53
430 83
430 85
430 93
430 94
431 3
431 36
431 63
431 74
431 78
432 3
432 14
432 36
432 47
432 71
432 74
432 83
432 93
433 18
433 44
433 51
433 68
433 69
433 93
434 4
434 51
434 85
435 8
435 29
435 38
435 40
435 49
435 69
435 81
436 23
436 36
436 55
436 59
436 83
437 11
437 26
437 32
437 41
437 50
437 63
437 68
437 89
438 9
438 10
438 68
438 85
438 87
439 5
439 17
439 38
439 63
439 69
439 97
440 11
440 38
440 71
441 5
441 10
441 28
441 36
441 78
442 22
442 28
442 47
442 63
442 69
442 89
443 9
443 47
443 67
443 90
444 7
444 9
444 43
444 44
444 51
444 69
444 93
445 12
445 47
445 63
446 11
446 12
446 28
446 38
446 71
446 93
446 97
447 7
447 38
447 63
447 77
447 89
447 96
447 99
448 8
448 11
448 15
448 28
448 43
448 62
448 63
448 67
448 71
448 78
448 85
449 11
449 15
449 48
449 78
449 89
450 9
450 47
450 67
450 90
451 4
451 25
451 38
451 46
451 51
451 63
451 69
451 83
451 85
452 4
452 6
452 8
452 28
452 34
452 36
452 52
452 79
452 81
452 83
452 86
453 51
453 66
453 97
454 14
454 18
454 59
455 9
455 11
455 36
455 48
455 62
455 70
455 93
456 66
457 25
457 38
457 63
457 83
458 0
458 39
458 50
458 57
458 61
458 67
458 76
458 80
458 85
458 93
459 3
459 14
459 21
459 39
459 49
459 79
460 5
460 8
460 9
460 17
460 22
460 34
460 36
460 48
460 66
460 73
461 10
461 11
461 17
461 21
461 28
461 40
461 68
461 76
461 78
461 85
461 93
462 8
462 29
462 69
462 81
463 17
463 44
463 51
463 69
463 85
463 93
463 97
464 24
464 41
464 50
464 63
464 69
464 70
464 78
464 85
464 89
465 11
465 26
465 36
466 17
466 43
466 80
467 8
467 17
467 18
467 40
467 49
467 68
467 69
467 87
468 34
468 35
468 39
468 59
468 63
468 69
468 80
469 4
469 23
469 24
469 29
469 33
469 38
469 51
469 69
469 85
470 12
470 63
471 3
471 69
471 95
471 97
472 7
472 38
472 63
472 77
472 89
472 96
473 3
473 9
473 29
473 39
473 63
473 80
473 85
473 87
474 5
474 17
474 38
474 63
474 68
474 76
474 78
474 93
475 19
475 22
475 28
475 47
475 69
475 73
475 89
476 6
476 68
477 8
477 10
477 17
477 25
477 36
477 43
477 52
477 87
477 91
478 5
478 8
478 9
478 63
478 67
478 81
478 87
478 89
479 7
479 43
480 12
480 21
480 28
480 93
480 97
481 3
481 9
481 17
481 28
481 67
481 71
481 78
481 83
481 87
482 52
482 62
482 72
482 87
483 10
483 28
483 51
483 78
484 8
484 52
484 63
484 81
484 86
484 92
485 3
485 14
485 23
485 24
485 33
485 38
485 39
485 49
485 69
485 79
486 7
486 10
486 36
486 43
486 44
486 48
486 78
486 91
487 8
487 21
487 42
487 62
487 68
487 76
487 85
487 93
488 11
488 28
488 35
488 36
488 71
488 73
489 23
489 24
489 33
489 38
489 40
489 59
489 62
489 67
489 69
489 81
490 26
490 28
490 35
490 36
490 52
490 86
490 93
491 68
492 11
492 26
492 29
492 35
492 48
492 50
492 85
492 87
493 7
493 25
493 43
493 71
494 23
494 36
494 52
494 55
494 59
494 62
494 72
494 83
494 87
495 35
495 36
495 52
495 86
496 8
496 28
496 60
496 62
496 73
497 19
497 39
497 42
497 49
497 51
497 66
498 47
498 52
498 62
498 72
498 73
498 78
498 87
499 20
499 24
499 40
499 67
499 68
499 69
500 4
500 10
500 28
500 51
500 78
500 85
501 9
501 17
501 40
501 67
501 83
502 7
502 38
502 63
502 67
502 74
502 76
502 77
502 86
502 89
502 96
502 99
503 5
503 35
503 36
503 43
503 51
503 52
503 53
503 86
503 93
503 96
504 9
504 29
504 67
504 73
505 26
505 34
505 36
505 80
505 85
506 35
507 3
507 9
507 28
507 71
507 78
507 87
508 3
508 7
508 11
508 29
508 74
508 93
509 3
509 29
509 38
509 68
509 80
510 43
510 60
510 81
510 85
510 86
510 87
511 3
511 7
511 44
511 62
511 78
511 86
512 3
512 10
512 17
512 23
512 62
512 86
513 29
513 40
513 67
513 69
513 97
514 3
514 6
514 29
514 60
515 8
515 9
515 25
515 67
515 68
515 87
516 3
516 6
516 31
516 34
516 38
516 47
516 63
516 68
516 74
516 79
517 23
517 35
517 39
517 47
517 66
517 68
517 71
517 74
517 80
518 5
518 6
518 8
518 22
518 28
518 35
518 67
518 68
518 71
518 74
518 78
518 87
519 7
519 25
519 50
519 57
519 61
519 67
519 71
519 76
520 10
520 28
520 78
521 17
521 18
521 39
521 48
521 52
521 53
521 62
521 81
522 9
522 38
522 41
522 47
522 51
522 67
522 83
522 87
522 90
523 17
523 28
524 8
524 11
524 35
524 39
525 8
525 38
525 41
525 63
525 89
526 47
526 71
526 74
526 83
527 9
527 17
527 28
527 36
527 62
527 67
527 83
527 87
528 7
528 9
528 43
529 14
529 16
529 18
529 28
529 38
529 59
530 3
530 43
530 46
530 61
530 72
531 9
531 28
531 29
531 47
531 62
531 67
531 73
531 90
532 3
532 29
532 38
532 67
532 76
532 86
533 8
533 24
533 39
534 9
534 41
534 43
534 50
534 63
534 89
535 8
535 11
535 38
535 52
535 71
535 79
535 83
535 86
536 8
536 11
536 22
536 43
537 7
537 11
537 28
537 70
538 10
538 35
538 39
538 47
538 74
538 85
539 8
539 17
539 22
539 28
539 34
539 63
540 38
540 47
540 48
540 50
540 51
540 52
540 63
540 69
540 82
540 97
540 98
541 17
541 28
541 63
541 69
542 3
542 28
542 29
542 35
542 62
542 63
542 71
542 86
543 8
543 22
544 3
544 29
544 43
544 80
545 11
545 12
545 71
545 93
545 97
546 9
546 39
546 47
546 67
546 73
546 78
546 90
547 3
547 9
547 28
547 71
547 78
547 87
548 21
548 25
548 49
548 85
549 23
549 28
549 35
549 38
549 68
549 80
550 9
550 10
550 38
550 51
550 67
550 76
550 80
550 86
551 34
551 35
551 47
551 63
551 69
551 71
551 85
551 90
552 5
552 43
552 53
552 93
553 23
553 38
553 80
554 8
554 11
554 34
554 87
555 28
555 35
555 36
555 51
555 62
555 63
555 98
556 4
556 8
556 36
556 51
556 60
556 79
556 83
556 95
557 17
557 52
557 85
557 86
558 7
558 9
558 36
558 38
558 62
558 63
558 70
558 77
558 89
558 96
558 99
559 7
559 9
559 17
559 43
559 66
559 70
560 9
560 43
560 66
560 70
561 20
561 24
561 38
561 69
561 76
561 97
562 9
562 17
562 20
562 24
562 38
562 67
562 69
562 76
562 83
562 97
563 0
563 27
563 39
563 87
564 35
564 52
564 86
565 51
565 60
565 95
566 23
566 24
566 33
566 38
566 69
567 17
567 28
567 35
567 41
567 50
567 63
567 71
567 85
567 89
568 3
568 8
568 14
568 17
568 38
568 39
568 49
568 51
568 79
568 97
569 7
569 9
569 43
570 9
570 29
570 52
570 63
570 73
570 81
570 86
571 9
571 10
571 17
571 67
571 83
571 85
572 5
572 11
572 47
572 67
572 68
572 69
572 83
572 87
572 89
572 90
573 5
573 17
573 38
573 39
573 52
573 63
573 86
574 7
574 9
574 12
574 13
574 43
574 61
574 63
574 90
575 8
575 52
575 86
575 92
576 6
576 39
576 40
576 67
576 75
576 89
577 11
577 17
577 71
577 78
577 87
578 14
578 18
578 29
578 34
578 68
578 69
578 70
578 95
579 9
579 43
579 47
579 67
579 80
579 90
580 10
580 23
580 38
580 68
580 80
580 85
580 87
581 10
581 28
581 78
581 80
582 23
582 36
582 55
582 59
582 83
583 11
583 44
583 48
583 62
583 68
583 78
584 3
584 9
584 18
584 28
584 29
584 73
585 17
585 28
585 35
585 63
585 71
586 7
586 11
586 24
586 40
586 47
586 70
586 74
586 81
586 88
587 48
587 50
587 66
587 87
588 47
588 63
588 71
588 74
588 83
588 94
589 17
589 29
589 38
589 39
589 40
589 59
589 67
589 68
589 80
590 28
590 35
590 71
591 4
591 6
591 8
591 36
591 38
591 72
592 21
592 22
592 38
592 47
592 69
592 89
592 96
593 17
593 28
593 38
593 63
593 67
593 76
594 9
594 25
594 38
594 63
594 66
594 67
594 68
594 70
595 11
595 17
595 63
595 66
595 78
596 9
596 51
596 80
596 98
597 3
597 9
597 28
597 71
597 78
597 87
598 51
598 69
598 74
598 83
598 97
599 4
599 8
599 18
599 36
599 39
599 48
599 53
599 62
599 79
599 83
600 3
600 39
600 49
600 62
600 79
601 7
601 9
601 14
601 25
601 38
601 43
601 47
601 71
601 73
601 78
602 3
602 11
602 31
602 36
602 38
602 63
602 71
603 8
603 48
603 80
603 85
603 93
604 8
604 28
604 38
604 51
604 52
604 62
604 72
604 80
604 85
604 87
604 96
605 8
605 12
605 28
605 62
605 78
605 85
605 86
605 93
605 97
606 44
606 51
606 69
606 93
607 11
607 17
607 20
607 29
607 68
607 69
607 71
607 78
607 88
607 89
608 7
608 38
608 63
608 77
608 89
608 96
608 99
609 51
609 97
610 3
610 9
610 13
610 28
610 50
610 57
610 61
610 67
610 71
610 76
610 78
610 87
611 3
611 22
611 28
611 31
611 34
611 36
611 38
611 47
611 63
611 69
611 87
611 89
611 96
612 11
612 35
612 36
612 38
612 50
612 51
612 52
612 69
612 71
612 80
612 86
612 98
613 8
613 23
613 36
613 38
613 55
613 59
613 68
613 83
614 5
614 7
614 8
614 38
614 43
614 48
614 77
614 89
614 96
614 99
615 6
615 8
615 9
615 40
615 46
615 49
615 68
615 97
616 9
616 11
616 17
616 38
616 67
616 71
616 83
617 4
617 13
617 18
617 43
617 51
617 82
617 85
618 4
618 8
618 11
618 22
618 62
618 67
618 85
619 17
619 85
620 47
620 73
620 78
621 8
621 43
621 48
621 59
621 62
622 48
622 63
623 14
623 21
623 47
623 73
623 78
623 93
624 9
624 10
624 12
624 19
624 28
624 42
624 63
624 66
624 78
625 5
625 17
625 38
625 43
625 63
625 68
625 69
625 85
626 17
626 51
626 74
626 87
626 93
627 19
627 22
627 28
627 69
627 73
627 89
628 6
628 7
628 25
628 47
628 68
628 71
628 74
628 83
628 86
629 9
629 11
629 17
629 51
629 97
630 7
630 9
630 43
630 67
630 68
631 18
631 69
631 74
631 85
631 87
631 93
632 11
632 22
632 47
632 51
632 68
632 89
633 8
633 10
633 11
633 22
633 62
633 85
633 87
634 41
634 47
634 50
634 63
634 73
634 78
634 89
635 8
635 12
635 21
635 24
635 36
635 62
635 73
635 85
636 3
636 8
636 11
636 17
636 26
636 51
636 71
636 78
636 85
637 0
637 4
637 6
637 72
638 26
638 28
638 38
638 47
638 74
639 11
639 52
639 72
639 87
640 9
640 35
640 36
640 52
640 63
640 71
640 78
640 83
640 86
641 9
641 47
641 67
641 83
641 85
641 86
641 90
641 93
641 94
642 11
642 68
643 8
643 10
643 47
643 71
643 74
643 79
643 83
644 22
644 28
644 67
644 93
645 12
645 26
645 28
645 36
645 63
646 8
646 48
646 50
646 62
646 85
646 87
647 6
647 11
647 39
647 40
647 67
647 68
647 74
647 75
647 89
647 93
648 3
648 7
648 9
648 14
648 39
648 43
648 49
648 74
648 79
649 7
649 10
649 17
649 23
649 25
649 34
650 3
650 28
651 18
651 23
651 24
651 33
651 38
651 39
651 48
651 53
651 62
651 69
652 10
652 20
652 29
652 68
652 69
652 85
652 88
653 23
653 36
653 55
653 59
653 69
653 83
654 3
654 7
654 25
654 34
654 43
654 47
654 71
654 80
654 85
654 95
655 5
655 11
655 17
655 28
655 29
655 36
655 51
655 62
655 78
655 97
656 51
656 52
656 60
656 63
656 69
656 78
656 83
656 95
657 26
657 85
658 34
658 35
658 69
658 80
659 17
659 23
659 29
659 51
659 52
659 68
659 81
659 97
660 11
660 13
660 48
660 90
660 93
661 12
661 28
661 50
661 68
661 89
661 97
662 39
662 93
663 9
663 12
663 28
663 43
663 63
663 78
663 80
663 83
663 93
663 97
664 7
664 25
664 50
664 68
664 71
665 12
665 28
665 93
665 97
666 17
666 28
666 46
666 51
666 52
666 62
666 63
666 72
666 87
667 17
667 28
667 47
667 63
667 78
667 83
668 5
668 9
668 12
668 17
668 67
668 83
668 87
669 4
669 85
670 10
670 36
670 43
670 91
671 51
671 60
671 63
671 81
671 87
671 89
671 95
672 11
672 17
672 28
672 71
672 78
673 24
673 40
673 67
673 88
674 22
674 26
674 28
675 11
675 24
675 28
675 35
675 38
675 71
675 76
675 97
676 23
676 24
676 33
676 38
676 69
677 69
677 85
678 62
678 69
678 81
679 5
679 11
679 13
679 48
679 90
679 93
680 8
680 87
681 9
681 36
681 42
681 62
681 73
681 78
682 7
682 9
682 23
682 38
682 43
682 68
682 80
683 8
683 9
683 38
683 47
683 67
683 90
684 5
684 8
684 28
684 67
684 68
684 97
685 68
686 9
686 11
686 28
686 29
686 35
686 36
686 43
686 51
686 62
686 63
686 80
686 85
687 8
687 9
687 17
687 38
687 87
687 96
688 5
688 11
688 17
688 38
688 50
688 57
688 61
688 63
688 67
688 71
688 76
689 11
689 38
689 44
689 51
689 69
689 71
690 20
690 23
690 38
690 69
690 90
691 19
691 23
691 36
691 40
691 42
691 55
691 59
691 66
691 83
691 85
691 94
692 26
692 47
692 73
692 78
692 85
693 3
693 14
693 16
693 21
693 35
693 39
693 49
693 75
693 79
694 20
694 29
694 50
694 52
694 68
694 69
694 80
694 88
695 3
695 28
696 13
696 28
696 35
696 71
696 90
697 23
697 38
697 68
697 80
698 11
698 17
698 48
698 51
698 63
698 85
698 93
699 3
699 22
699 47
699 51
699 52
699 62
699 69
699 72
699 87
699 89
699 97
700 3
700 17
700 31
700 36
700 38
700 60
700 62
700 63
700 85
700 89
701 34
702 25
702 63
702 83
703 44
703 50
703 68
703 69
703 93
704 4
704 8
704 35
704 36
704 52
704 66
704 67
704 70
704 79
704 83
704 86
705 6
705 8
705 24
705 38
705 50
705 57
705 61
705 67
705 72
705 76
706 24
706 38
706 63
706 70
706 78
706 81
706 85
707 3
707 8
707 11
707 26
707 28
707 36
707 48
707 51
707 66
707 69
707 70
707 85
707 93
708 20
708 39
708 47
708 71
708 74
708 83
709 69
709 74
709 85
709 93
710 7
710 9
711 20
711 24
711 28
711 38
711 51
711 69
711 76
711 97
712 9
712 22
712 29
712 47
712 51
712 85
712 89
713 8
713 28
713 34
713 52
713 86
714 8
714 9
714 28
714 47
714 72
715 7
715 9
715 36
715 43
715 62
716 7
716 9
716 43
716 67
717 6
717 17
717 28
717 63
717 68
717 85
718 8
718 17
718 40
718 49
718 68
718 69
719 7
719 9
719 28
719 35
719 43
719 63
719 71
719 89
720 51
720 55
720 69
720 74
720 81
720 85
720 93
721 38
721 51
721 83
721 85
722 11
722 36
722 73
722 81
723 17
723 29
723 74
723 88
723 93
724 8
724 21
724 52
724 86
724 92
725 52
725 62
725 69
725 81
726 11
726 17
726 28
726 34
726 68
726 76
726 78
726 85
726 93
727 6
727 34
727 81
728 12
728 23
728 28
728 90
729 3
729 9
729 28
729 71
729 78
729 87
730 11
730 17
730 71
730 78
731 8
731 9
731 18
731 28
731 29
731 47
731 51
731 52
731 72
731 81
731 86
731 92
732 19
732 28
732 38
732 51
732 55
732 63
732 73
732 77
732 89
732 96
732 99
733 6
733 38
733 39
733 40
733 67
733 75
733 89
734 10
734 78
735 14
735 16
735 18
735 59
736 21
736 25
736 85
737 38
737 43
737 80
737 85
737 87
738 52
738 63
738 81
738 83
738 85
738 86
738 94
739 7
739 44
739 48
739 78
740 10
740 12
740 28
740 36
740 43
740 91
740 93
740 97
741 8
741 11
741 28
741 35
741 36
741 39
741 62
741 87
742 5
742 29
743 22
743 47
743 69
743 87
743 89
744 11
744 35
744 36
744 43
744 62
744 63
744 80
745 8
745 11
745 21
745 22
745 44
745 51
745 69
745 93
746 63
746 66
746 70
746 87
747 20
747 28
747 35
747 39
747 69
747 71
747 81
748 22
748 28
748 46
748 47
748 89
749 8
749 17
750 11
750 35
750 36
750 43
750 62
750 63
750 80
750 83
750 85
750 94
751 7
751 8
751 11
751 17
751 22
751 28
751 48
751 63
751 78
752 10
752 21
752 40
752 47
752 73
752 78
753 9
753 47
753 67
753 69
753 90
754 7
754 25
754 43
754 63
754 83
755 50
755 51
755 52
755 80
755 97
756 23
756 36
756 55
756 59
756 67
757 3
757 28
757 71
757 78
757 87
758 67
758 68
759 7
759 38
759 63
759 96
759 99
760 7
760 9
760 43
761 11
761 26
761 28
761 36
761 39
761 43
761 62
761 63
761 80
761 87
762 0
762 27
762 74
762 87
763 3
763 9
763 28
763 71
763 78
763 87
764 4
764 8
764 36
764 79
764 83
765 42
765 73
765 78
766 4
766 7
766 9
766 43
766 51
766 85
767 4
767 8
767 23
767 24
767 33
767 38
767 69
767 79
767 83
768 17
768 21
768 47
768 51
768 73
768 78
768 85
768 93
768 98
769 0
769 4
769 9
769 11
769 26
769 28
769 29
769 35
769 38
769 62
769 72
769 80
769 83
769 85
770 7
770 9
770 43
771 11
771 71
772 7
772 44
772 48
772 78
773 8
773 11
773 36
773 38
773 43
773 66
773 71
774 20
774 25
774 38
774 63
774 83
775 4
775 14
775 29
775 34
775 35
775 51
775 66
775 85
775 86
775 87
775 93
776 11
776 28
776 35
776 59
776 62
776 71
777 7
777 44
777 48
777 62
777 72
777 78
777 87
778 4
778 8
778 11
779 3
779 8
779 14
779 26
779 28
779 36
779 38
779 39
779 49
779 79
780 51
780 67
780 98
781 7
781 12
781 17
781 28
781 38
781 63
781 77
781 89
781 96
781 97
781 99
782 28
782 52
782 62
782 63
782 72
782 87
783 9
783 22
783 29
783 40
783 73
783 93
784 8
784 11
784 17
784 35
784 39
785 51
785 63
785 66
785 70
785 83
785 87
785 96
786 43
786 63
786 83
787 8
787 11
787 17
787 22
787 28
787 35
787 71
788 3
788 51
788 62
788 63
788 98
789 7
789 9
789 39
789 43
789 66
789 70
789 93
790 20
790 51
790 83
790 86
790 87
790 94
791 5
791 23
791 28
791 43
791 52
791 53
791 62
791 72
791 87
791 90
791 93
792 8
792 22
792 38
792 47
792 62
792 69
792 89
793 14
793 18
793 52
793 81
793 87
794 3
794 14
794 22
794 43
794 47
794 48
794 68
794 69
794 89
795 3
795 8
795 20
795 39
795 47
795 48
795 71
795 74
795 83
795 86
796 9
796 17
796 18
796 67
796 83
796 87
797 5
797 29
797 34
797 63
797 67
797 68
798 7
798 28
798 44
798 47
798 48
798 66
798 69
798 70
799 25
799 38
799 63
799 83
800 18
800 35
800 39
800 48
800 53
800 62
800 74
801 8
801 17
801 40
801 49
801 51
801 66
801 69
801 95
802 50
802 80
803 6
803 39
803 40
803 67
803 75
803 89
804 9
804 13
804 24
804 28
804 63
805 39
805 96
806 3
806 13
806 29
806 38
807 75
807 85
808 11
808 35
808 36
808 43
808 62
808 63
808 80
809 9
809 47
809 67
809 90
810 36
810 43
810 66
810 69
810 85
811 25
811 38
811 63
811 69
811 83
811 97
812 10
812 36
812 43
812 91
813 11
813 17
813 71
813 78
814 6
814 36
814 38
814 47
814 48
814 63
814 66
814 72
815 39
816 5
816 8
816 17
816 38
816 48
816 80
816 85
817 7
817 34
817 44
817 78
818 8
818 23
818 38
818 68
818 80
819 8
819 28
819 38
819 43
819 50
819 52
819 60
819 80
819 81
819 86
819 96
820 28
820 29
820 63
821 10
821 47
821 69
821 85
821 87
822 9
822 17
822 36
822 51
822 62
822 63
822 66
822 70
823 52
823 62
823 72
823 87
824 14
824 29
824 68
824 69
824 70
824 95
825 7
825 18
825 38
825 63
825 77
825 89
825 96
825 99
826 4
826 8
826 26
826 32
826 48
826 69
826 79
826 85
826 89
827 28
827 38
827 96
828 42
828 51
828 60
828 73
828 78
828 95
829 8
829 26
829 28
829 35
829 36
829 46
829 62
829 67
829 87
830 34
830 69
830 80
831 13
831 43
831 61
831 80
831 90
832 28
832 35
832 36
832 52
832 71
832 86
833 8
833 17
833 25
833 46
833 51
833 66
833 69
833 87
834 3
834 14
834 39
834 49
834 79
835 10
835 11
835 17
835 39
835 52
835 69
835 71
835 78
835 81
835 85
836 4
836 8
836 9
836 29
836 36
836 62
836 79
836 83
837 34
837 35
837 80
838 47
839 20
839 29
839 68
839 69
839 88
840 39
840 93
841 12
841 20
841 28
841 29
841 68
841 69
841 88
841 93
841 97
842 97
843 3
843 9
843 29
843 39
843 80
843 85
844 9
844 11
844 17
844 47
844 67
844 74
844 83
845 8
845 11
845 22
845 74
846 3
846 29
846 40
846 51
846 67
846 68
846 69
846 87
846 95
847 26
847 28
847 29
847 36
847 68
847 69
847 88
848 8
848 11
848 22
849 8
849 11
849 22
849 35
849 36
849 38
849 43
849 62
849 63
849 80
850 9
850 11
850 12
850 28
850 29
850 68
850 73
850 93
850 97
851 5
851 19
851 28
851 29
851 66
851 70
851 73
851 74
851 78
852 11
852 17
852 38
852 60
852 62
852 71
853 9
853 47
853 67
853 90
854 4
854 28
854 35
854 36
854 50
854 52
854 79
854 83
854 86
854 87
855 50
855 87
856 35
856 47
856 66
856 71
857 6
857 9
857 29
857 60
857 67
857 68
858 8
858 28
858 60
858 62
858 73
859 19
859 42
859 66
859 86
859 93
860 3
860 9
860 29
860 39
860 80
860 85
861 8
861 38
861 43
861 60
861 81
861 86
862 9
862 24
862 33
862 38
862 47
862 67
862 69
862 90
863 26
863 39
863 51
863 52
863 62
863 72
863 87
864 8
864 9
864 62
864 85
865 8
865 17
865 43
865 48
866 3
866 95
867 28
867 35
867 36
867 52
867 86
868 3
868 9
868 10
868 21
868 28
868 40
868 71
868 78
868 87
869 7
869 9
869 48
869 78
870 8
870 11
870 22
871 21
871 25
871 28
871 29
871 62
871 68
871 69
871 78
871 85
871 88
872 9
872 34
872 49
873 17
873 25
874 23
874 36
874 55
874 71
874 83
875 6
875 24
875 26
875 28
875 29
875 32
875 45
875 68
875 69
875 71
875 83
875 85
875 94
876 6
876 9
876 63
876 68
876 81
876 87
876 89
877 69
877 85
877 86
878 21
878 63
878 77
879 5
879 8
879 9
879 29
879 51
879 67
879 73
880 44
880 48
880 78
881 3
881 17
881 66
881 70
881 95
882 4
882 21
882 39
882 42
882 51
882 59
882 81
882 85
883 23
883 28
883 29
883 38
883 62
883 68
883 69
883 70
883 80
883 95
884 26
884 28
884 36
885 35
885 36
885 47
885 52
885 86
886 6
886 11
886 34
886 38
886 71
886 72
886 80
886 85
887 8
887 17
887 40
887 49
887 69
888 10
888 11
888 51
888 85
888 97
889 51
889 67
889 97
890 3
890 14
890 16
890 18
890 59
890 62
890 68
890 71
890 86
891 3
891 25
891 38
891 43
891 46
891 52
891 61
891 63
891 72
891 86
892 35
892 62
892 67
892 68
892 85
893 19
893 28
893 36
893 39
893 62
893 87
894 8
894 9
894 46
894 62
894 69
894 85
895 11
895 35
895 36
895 43
895 62
895 63
895 80
896 28
896 34
896 35
896 69
896 78
896 80
897 7
897 25
897 28
897 35
897 36
897 62
897 86
898 6
898 8
898 28
898 68
898 78
898 89
898 97
899 69
899 80
899 85
900 22
900 47
900 69
900 85
900 89
901 4
901 8
901 9
901 10
901 17
901 23
901 29
901 34
901 36
901 66
901 73
901 79
901 83
901 87
902 9
902 21
902 28
902 42
902 43
902 67
902 90
903 12
903 23
903 28
903 38
903 67
903 68
903 80
903 89
903 97
904 9
904 29
904 62
904 67
904 72
904 87
905 3
905 31
905 36
905 38
905 63
905 74
906 7
906 25
906 39
906 49
906 71
906 79
907 8
907 10
907 11
907 38
907 71
907 79
908 12
908 28
908 68
908 89
908 97
909 6
909 28
909 38
909 69
909 72
909 85
910 9
910 47
910 67
910 68
910 90
911 3
911 9
911 71
911 78
911 87
912 23
912 24
912 28
912 33
912 35
912 38
912 69
913 26
913 28
913 52
913 67
913 69
914 6
914 8
914 51
914 55
914 60
914 69
914 86
914 93
915 7
915 38
915 46
915 63
915 69
915 77
915 89
915 99
916 36
916 62
916 63
916 68
916 81
917 8
917 11
917 28
918 11
918 23
918 29
918 38
918 46
918 71
918 74
918 80
918 93
919 8
919 9
919 28
919 47
919 52
919 72
919 86
920 7
920 18
920 20
920 39
920 41
920 44
920 47
920 48
920 50
920 63
920 74
920 78
920 89
921 8
921 22
921 67
921 78
922 6
922 8
922 36
922 48
922 50
922 68
922 87
923 6
923 8
923 17
923 28
923 35
923 43
923 49
923 60
923 68
923 71
924 52
924 62
924 69
924 72
924 85
924 87
925 22
925 47
925 69
925 74
925 89
925 93
926 23
926 29
927 9
927 29
927 73
928 3
928 9
928 28
928 71
928 78
928 87
929 12
929 28
929 93
929 97
930 28
931 6
931 39
931 40
931 50
931 67
931 68
931 75
931 89
932 4
932 8
932 26
932 32
932 36
932 71
932 79
932 83
933 20
933 24
933 26
933 28
933 35
933 36
933 38
933 69
933 71
933 76
933 97
934 3
934 25
934 29
934 38
934 63
934 69
934 85
935 3
935 9
935 21
935 28
935 71
935 78
935 87
936 5
936 12
936 41
936 50
936 63
936 68
936 89
937 28
937 36
937 52
937 62
937 72
937 87
938 8
938 22
938 67
938 74
938 78
938 93
939 11
939 26
939 50
939 67
939 68
939 85
939 87
940 51
940 68
940 98
941 50
941 68
942 14
942 39
942 79
943 23
943 36
943 59
943 69
943 83
943 85
944 8
944 28
944 60
944 62
944 73
